1;В-25;0;2;СБО;0;0
2;А-26;1;2;Б-25;0;0
3;А-26;3;0;СБО;0;0
4;В-25;3;2;Б25;0;0
5;СБО;0;3;Б-25;0;0
6;В-25;0;0;А-26;0;0
7;Б-24;4;1;В-27;0;0
8;А-27;0;2;В-23;0;0
9;Б-24;2;0;В-23;0;0
10;В-27;6;0;А-27;0;0
11;Б-24;4;5;А-27;0;0
12;В-23;1;0;В-27;0;0
13;А-26;1;1;Б-24;2;4-3
14;В-23;3;2;Б-25;2;0
15;Б-24;4;4;Б-25;3;4-5
16;А-26;7;1;В-23;4;0
17;В-25;1;3;Б-25;0;0
18;А-26;2;2;А-27;0;0
19;В-25;2;1;А-27;0;0
20;А-26;5;2;Б-25;0;0
21;В-25;1;2;А-26;0;0
22;Б-25;2;0;А-27;0;0
23;Б-24;6;1;В-27;0;0
24;СБО;1;3;В-23;0;0
25;Б-24;4;2;В-23;0;0
26;В27;5;0;СБО;0;0
27;Б-24;7;5;СБО;0;0
28;В-23;5;3;В-27;0;0
29;А-26;1;1;В-23;2;3-4
30;Б-24;8;2;Б-25;2;0
31;А-26;3;0;Б-25;3;0
32;Б-24;7;3;В-23;4;0
33;А-26;3;1;Б-24;0;0
34;Б-25;1;4;Б-24;0;0
35;А-26;4;1;Б-25;0;0
36;В-27;1;5;В-23;0;0
37;В-25;2;3;В-27;0;0
38;В-23;0;2;В-25;0;0
39;А-26;4;2;Б-24;0;0
40;В-25;4;10;В-23;0;0
41;А-26;2;2;В-23;0;0
42;Б-24;8;0;В-25;0;0
43;А-26;7;2;В-25;0;0
44;В-23;3;6;Б-24;0;0
45;В-25;0;3;В-23;3;0
46;А-26;3;3;Б-24;4;4-3
47;А-26;3;0;А-27;0;0
48;Б-25;2;0;В-27;0;0
49;А-26;2;3;Б-25;0;0
50;А-27;0;4;В-27;0;0
51;А-26;6;1;В-27;0;0
52;Б-25;3;0;А-27;0;0
53;Б-27;3;2;В-25;0;0
54;СБО;2;3;Б-24;0;0
55;Б-27;5;6;Б-24;0;0
56;СБО;0;2;В-25;0;0
57;Б-24;1;2;В-25;0;0
58;Б-27;3;0;СБО;0;0
59;А-26;2;2;Б-27;0;3-4
60;В-25;0;0;Б-25;0;4-3
61;А-26;6;6;Б-25;3;4-2
62;В-25;9;1;Б-27;4;0
63;Б-25;0;3;А-26;0;0
64;А-27;1;4;Г-26;0;0
65;Г-26;4;1;Б-25;0;0
66;А-27;2;1;А-26;0;0
67;Г-26;1;4;А-26;0;0
68;А-27;1;1;Б-25;0;0
69;В-27;0;0;Б-24;0;0
70;Б-27;2;0;В-25;0;0
71;Б-24;3;0;Б-27;0;0
72;В-27;1;4;В-25;0;0
73;Б-24;2;1;В-25;0;0
74;Б-27;3;4;В-27;0;0
75;А-26;3;4;В-27;2;0
76;Б-24;3;2;Г-26;2;0
77;Г-26;4;2;А-26;3;0
78;Б-24;2;3;В-27;4;0
79;А-26;2;1;В-27;0;0
80;Б-28;3;1;А-28;0;0
81;Б-28;2;6;А-26;0;0
82;В-27;8;3;А-28;0;0
83;А-26;4;2;А-28;0;0
84;Б-28;0;5;В-27;0;0
84;СБО;0;5;А-26;0;0
85;СБО;3;0;Б-28;0;0
86;СБО;0;5;В-27;0;0
87;СБО;5;1;А-28;0;0
88;А-26;5;4;В-27;4;0
89;А-26;3;0;Б-28;0;0
90;В-27;1;1;Б-28;0;0
91;А-26;4;0;В-27;0;0
92;А-28;0;5;Б-25;0;0
93;СБО;3;1;А-28;0;0
94;СБО;1;3;Б-25;0;0
95;А-26;4;1;Б-25;0;0
96;СБО;6;1;Б-28;0;0
97;А-26;2;1;Б-28;0;0
98;СБО;1;1;Б-25;0;0
99;А-26;9;2;СБО;0;0
100;Б-28;0;4;Б-25;0;0
101;А-26;5;1;Б-25;4;0
102;А-26;2;7;В-27;0;0
103;Б-25;4;3;А-27;0;0
104;Б-25;2;2;А-26;0;0
105;В-27;4;2;А-27;0;0
106;А-26;4;0;А-27;0;0
107;Б-25;3;2;В-27;0;0
108;В-27;1;3;Б-25;4;0
109;А-26;2;4;В-27;0;0
110;Б-25;1;4;Б-24;0;0
111;Б-25;2;1;А-26;0;0
112;В-27;1;1;Б-24;0;0
113;А-26;0;0;Б-24;0;0
114;Б-25;6;3;В-27;0;0
115;Б-25;2;2;Б-24;4;2-0
116;Б-28;3;4;Б-25;0;0
117;В-27;1;2;Б-25;0;0
118;Б-28;1;3;В-27;0;0
119;Б-24;0;1;СБО;0;0
120;А-27;0;1;СБО;0;0
121;А-27;1;1;Б-24;0;0
122;Г-28;0;6;В-23;0;0
123;Г-26;2;1;Г-28;0;0
124;Г-26;3;1;В-23;0;0
125;А-26;4;0;А-28;0;0
126;А-26;4;4;В-25;0;0
127;В-25;3;1;А-28;0;0
128;В-27;2;1;Г-26;1;0
129;В-23;4;2;Б-25;1;0
130;А-26;0;0;Б-24;1;0
131;В-25;0;5;СБО;1;0
132;А-26;6;2;СБО;2;0
133;В-23;6;1;В-27;2;0
133;В-27;3;0;СБО;3;0
133;А-26;4;1;В-23;4;0
134;А-26;1;5;Б-25;0;0
135;В-27;2;0;Б-25;0;0
136;В-27;2;3;А-26;0;0
137;Б-28;0;3;А-27;0;0
138;Б-28;1;2;Г-28;0;0
139;Г-28;1;2;А-27;0;0
140;Б-25;2;2;Г-28;0;0
141;В-27;3;2;А-27;0;0
142;Б-25;4;2;А-27;3;0
143;В-27;2;1;Г-28;4;0
144;А-26;1;0;Б-25;0;0
145;Г-26;0;3;Б-24;0;0
146;Г-26;3;2;Б-25;0;0
147;А-26;1;2;Б-24;0;0
148;А-26;2;0;Г-26;0;0
149;Б-24;2;4;Б-25;0;0
150;В-25;1;2;В-27;0;0
151;Г-28;5;1;А-28;0;0
152;Г-28;0;6;В-27;0;0
153;В-25;4;4;А-28;0;0
154;Г-28;4;2;В-25;0;0
155;В-27;8;2;А-28;0;0
156;А-26;7;1;В-27;2;0
157;Г-28;5;3;Б-24;2;0
158;В-27;3;2;Б-24;3;0
159;А-26;4;1;Г-28;4;0
160;А-26;1;3;Б-25;0;0
161;СБО;2;1;Б-24;0;0
162;А-26;1;1;Б-24;0;0
163;СБО;0;2;Б-25;0;0
164;А-26;5;2;СБО;0;0
165;Б-24;2;5;Б-25;0;0
166;А-26;1;2;Б-25;4;0
167;А-26;4;2;Б-25;0;0
168;СБО;2;2;Б-24;0;0
169;А-26;1;0;Б-24;0;0
170;СБО;4;1;Б-25;0;0
171;А-26;0;0;СБО;0;0
172;Б-24;0;2;Б-25;0;0
173;А-26;2;2;СБО;4;0
174;А-26;4;0;Б-25;0;0
175;Б-24;1;0;В-25;0;0
176;Б-24;3;1;Б-25;0;0
177;А-26;2;1;В-25;0;0
178;В-25;1;1;Б-25;0;0
179;А-26;0;1;Б-24;0;0
180;СБО;6;3;А-28;0;0
181;Г-29;3;5;В-27;0;0
182;СБО;3;0;Г-29;0;0
183;В-27;3;1;А-28;0;0
184;СБО;2;3;В-27;0;0
185;Г-29;2;4;А-28;2;0
186;А-26;4;2;В-27;2;0
187;Б-24;2;0;СБО;0;0
189;А-26;3;6;Б-24;4;
190;СБО;2;5;А-26;0;0
191;В-25;2;1;А-26;0;0
192;СБО;2;2;В-25;0;0
193;Б-24;5;1;Б-25;0;0
194;В-27;1;8;Б-24;0;0
195;В-27;0;3;Б-25;0;0
196;А-26;4;0;Б-24;2;0
197;Б-25;4;4;В-25;2;0
199;В-25;4;2;А-26;4;0
200;СБО;2;2;А-26;0;0
201;Б-25;3;3;А-28;0;0
202;СБО;1;1;Б-25;0;0
203;Б-24;0;4;А-26;0;0
204;Б-24;5;0;А-28;0;0
205;Б-25;1;2;А-26;0;0
206;Б-24;1;2;СБО;0;0
207;А-28;3;6;А-26;0;0
208;Б-24;2;0;Б-25;0;0
209;А-28;0;3;СБО;0;0
210;СБО;8;4;А-26;4;0