Васко;11А;6;25;24;0,96
Иван Генов;11Г;5;18;21;1,17
Тошко;11Г;6;22;18;0,82
Любен;9Г;4;16;16;1.00
Ицо;Б-24;5;15;15;1.00
Сашо;12Б;6;18;15;0,83
Сашко Йосифов;СБО;5;19;14;0,74
Георги;12Б;5;19;14;0,81
Гюров;11Г;5;16;11;0,69
Филип;10В;3;8;10;1,25
Денислав;9Г;4;10;10;1,01
Косьо;9Г;2;8;9;1,13
Емо;СБО;5;16;9;0,56
Тони;11Г;5;18;9;0,51
Калоян;11А;3;11;8;0,73
Дани;Б-24;3;8;7;0,85
Габо;11А;2;10;6;0,61
Камен;Б-24;3;11;5;0,45
ДА;CEO/11A;5;18;5;0,22
Калин;10В;3;8;4;0.50
Филип;11А;1;3;3;1,01
Криската;11А;5;15;3;0,21
Ники;12Б;3;12;3;0,25
Тимур;9Г;4;16;3;0,21
Димов;Б-24;2;11;3;0,41
Лъчо;Б-24;3;10;2;0,22
