1;Б-24;1;1;Б-25;0;0
2;А-28;0;8;СБО;0;0
3;Б-24;2;1;СБО;0;0
4;А-28;2;3;Б-25;0;0
5;Б-24;5;2;А-28;0;0
6;Б-25;2;3;СБО;0;0
7;Б-24;2;4;СБО;4;0
8;А-28;0;6;А-26;0;0
9;Г-28;0;2;А-26;0;0
10;А-28;1;5;Г-28;0;0
11;А-26;1;2;А-28;0;0
12;Г-28;2;2;А-26;0;0
13;Г-28;5;2;А-28;0;0
14;Б-25;1;0;СБО;0;0
15;В-27;1;6;Б-24;0;0
16;Б-24;0;0;СБО;0;0
17;В-27;3;2;Б-25;0;0
18;СБО;5;3;В-27;0;0
19;Б-24;0;1;Б-25;0;0
20;Б-24;3;0;А-26;2;0
21;Б-25;2;5;Г-28;2;0
22;А-26;4;3;Б-25;3;0
23;Б-24;1;0;Г-28;4;0
24;А-26;5;2;Б-25;0;0
25;Б-25;1;5;Г-26;0;0
26;Г-26;3;1;А-26;0;0
27;СБО;4;0;Б-24;0;0
28;Б-24;1;2;Г-28;0;0
29;Г-28;1;0;СБО;0;0
30;Г-28;4;3;А-26;2;0
31;СБО;0;1;Г-26;2;0
32;Г-26;2;1;Г-28;4;0
33;А-26;3;0;Б-25;0;0
34;Б-25;3;5;Г-26;0;0
35;Г-26;2;3;А-26;0;0
36;В-27;4;2;Б-24;0;0
37;Б-24;0;5;Г-28;0;0
38;Г-28;2;1;В-27;0;0
39;Г-26;0;2;Г-28;2;0
40;А-26;3;0;В-27;2;0
41;А-26;4;3;Г-28;4;0
42;А-26;1;2;Б-24;0;0
43;В-27;4;5;Б-24;0;0
44;В-27;1;1;А-26;0;0
45;Г-26;15;2;А-28;0;0
46;Б-25;1;2;Г-26;0;0
47;Б-25;4;3;А-28;0;0
48;Б-25;3;6;Б-24;2;0
49;А-26;0;3;Г-26;2;0
50;А-26;6;1;Б-25;3;0
51;Б-24;1;4;Г-26;4;0
52;Г-26;5;2;СБО;0;0
53;А-26;1;1;Г-28;0;0
54;Г-28;2;2;Г-26;0;0
55;А-26;5;2;СБО;0;0
56;Г-26;1;4;А-26;0;0
57;СБО;0;4;Г-28;0;0
58;А-26;5;4;Г-28;4;0
59;Г-26;6;0;Б-25;0;0
60;А-26;0;3;СБО;0;0
61;Г-26;5;0;В-27;0;0
62;А-26;2;2;Б-25;0;0
63;Г-26;1;2;А-26;0;0
64;СБО;2;3;Б-25;0;0
65;Г-26;1;3;СБО;0;0
66;Б-25;3;0;В-27;0;0
67;В-27;3;5;СБО;0;0
68;А-26;6;4;В-27;0;0