1;Б-24;1;1;12Б;0;0
2;9А;0;8;СБО;0;0
3;Б-24;2;1;СБО;0;0
4;9А;2;3;12Б;0;0
5;Б-24;5;2;9А;0;0
6;12Б;2;3;СБО;0;0
7;Б-24;2;4;СБО;4;0
8;9А;0;6;11А;0;0
9;9Г;0;2;11А;0;0
10;9А;1;5;9Г;0;0
11;11А;1;2;9А;0;0
12;9Г;2;2;11А;0;0
13;9Г;5;2;9А;0;0
14;12Б;1;0;СБО;0;0
15;10В;1;6;Б-24;0;0
16;Б-24;0;0;СБО;0;0
17;10В;3;2;12Б;0;0
18;СБО;5;3;10В;0;0
19;Б-24;0;1;12Б;0;0
20;Б-24;3;0;11А;2;0
21;12Б;2;5;9Г;2;0
22;11А;4;3;12Б;3;0
23;Б-24;1;0;9Г;4;0
24;11А;5;2;12Б;0;0
25;12Б;1;5;11Г;0;0
26;11Г;3;1;11А;0;0
27;СБО;4;0;Б-24;0;0
28;Б-24;1;2;9Г;0;0
29;9Г;1;0;СБО;0;0
30;9Г;4;3;11А;2;0
31;СБО;0;1;11Г;2;0
32;11Г;2;1;9Г;4;0
33;11А;3;0;12Б;0;0
34;12Б;3;5;11Г;0;0
35;11Г;2;3;11А;0;0
36;10В;4;2;Б-24;0;0
37;Б-24;0;5;9Г;0;0
38;9Г;2;1;10В;0;0
39;11Г;0;2;9Г;2;0
40;11А;3;0;10В;2;0
41;11А;4;3;9Г;4;0
42;11А;1;2;Б-24;0;0
43;10В;4;5;Б-24;0;0
44;10В;1;1;11А;0;0
45;11Г;15;2;9А;0;0
46;12Б;1;2;11Г;0;0
47;12Б;4;3;9А;0;0
48;12Б;3;6;Б-24;2;0
49;11А;0;3;11Г;2;0
50;11А;6;1;12Б;3;0
51;Б-24;1;4;11Г;4;0